22 113
158 20
18 116
188 48
-35 350
94 79
193 326
-47 184
127 3
173 179
62 312
132 177
185 212
133 83
138 301
53 213
182 148
-99 74
31 315
101 99
180 187
88 207
-21 38
27 346
194 307
63 215
120 224
13 63
-18 313
87 140
147 45
87 321
-89 228
105 189
-86 259
56 206
117 14
169 131
-16 264
-100 308
44 330
135 131
107 30
-72 252
-38 7
157 137
174 44
-45 84
-68 275
-99 134
98 255
194 236
164 258
-22 243
121 29
-94 206
116 248
-21 217
91 260
200 338
-89 31
2 20
93 68
50 7
109 264
95 248
-41 168
90 297
127 237
64 192
-53 83
188 179
-49 298
-51 57
-86 69
77 10
31 253
200 328
85 216
88 94
110 111
-28 51
150 279
16 148
87 148
-10 22
-58 68
29 246
126 102
199 35
-87 347
-36 102
-41 249
36 336
3 143
21 238
-84 57
183 206
97 265
-57 217
110 330
182 180
194 103
155 64
-38 172
31 113
-1 222
119 122
8 20
81 62
9 96
12 219
20 248
193 40
-49 242
84 190
198 175
25 83
135 224
102 216
-45 210
88 218
106 105
-38 36
6 337
84 303
172 216
13 123
-71 332
165 77
-78 306
120 24
35 9
-72 307
177 61
93 107
143 289
-4 149
-66 248
-7 140
-95 19
93 343
-28 44
-41 67
59 126
64 60
197 314
-11 182
57 23
155 259
-86 132
-88 78
143 68
-5 263
147 263
-97 348
85 137
-82 303
83 226
148 23
-77 16
-96 75
82 281
95 198
-38 141
-11 13
86 349
-61 166
116 265
102 249
48 229
82 345
64 18
148 11
-54 59
-94 278
152 266
90 279
191 60
-4 213
173 294
52 191
114 290
160 69
28 13
187 102
-65 27
137 205
59 139
122 81
143 167
174 145
96 294
51 120
172 153
77 113
73 229
-27 111
117 282
163 215
-78 141
192 216
-68 13
106 159
20 250
55 117
189 341
179 240
147 69
-61 35
-85 184
-34 108
-47 33
191 240
-22 160
23 127
129 57
154 255
31 119
-96 201
-82 170
131 40
50 333
-5 83
15 319
-54 129
-10 310
95 178
133 77
182 115
-99 159
-52 20
131 129
-46 125
-2 317
77 276
4 235
-89 92
-14 13
35 189
3 35
21 71
175 219
147 186
-75 257
166 51
-86 190
180 29
167 158
129 106
166 44
33 3
-66 209
81 254
-37 91
92 286
-57 166
189 238
56 308
-70 7
119 162
82 3
0 83
-34 82
187 291
77 9
175 47
-26 151
80 28
-41 345
85 269
29 103
168 329
50 238
130 230
78 317
115 87
91 323
198 336
-27 350
-87 327
115 69
-87 251
85 236
-29 150
34 327
165 169
146 91
10 35
1 58
140 233
38 112
-67 33
-46 200
147 117
122 249
-16 133
155 79
26 0
-77 72
141 208
-51 79
21 263
45 332
-26 151
-32 217
-28 242
51 172
-62 255
-80 339
-7 210
-83 339
5 69
-16 151
-69 172
113 166
-3 34
-97 5
4 67
-24 205
19 239
41 188
108 161
189 282
-25 304
-81 223
8 32
12 96
138 98
-53 153
62 32
-52 275
188 343
153 227
135 210
-55 287
159 193
-1 196
145 256
46 115
85 313
148 296
135 3
-18 72
-67 227
138 301
14 130
-51 33
186 92
-27 255
171 252
150 309
72 212
54 170
-88 344
139 183
-60 239
-18 323
88 295
-45 299
45 289
184 269
94 280
109 122
76 275
132 273
-90 6
-6 58
12 42
-4 344
-85 292
-9 145
-69 60
136 31
174 68
140 260
-35 67
-86 108
-24 319
-82 158
85 51
-23 325
100 27
-5 118
79 230
-68 247
121 268
77 105
34 284
76 316
71 65
109 261
127 212
-76 56
138 43
-16 151
60 99
104 244
146 106
-25 26
178 142
59 105
-44 288
-26 108
35 26
198 123
32 136
91 309
18 65
150 265
-34 139
-49 136
6 17
128 267
-66 277
-54 274
113 277
102 323
140 9
141 229
11 78
26 214
50 11
-40 276
66 292
-66 50
-21 54
-2 343
-38 210
60 221
14 74
7 309
170 227
-4 313
96 47
2 343
120 342
89 208
-40 187
44 121
173 72
-95 197
173 333
94 192
8 37
17 159
168 239
75 259
161 105
37 169
153 181
-87 239
-45 304
47 102
-95 52
30 326
-15 291
137 9
199 81
-19 160
-19 71
106 44
154 55
-55 79
-79 185
8 338
-62 180
190 183
199 342
-98 204
164 100
111 103
90 321
51 245
77 337
-44 286
-75 309
35 56
-58 273
165 189
-25 157
127 322
10 76
199 138
110 349
-41 256
10 160
-21 96
-15 75
75 46
-80 152
-73 40
112 270
75 12
130 145
-91 342
77 153
83 248
-23 183
-89 130
38 290
103 347
-45 108
55 256
14 272
61 164
-44 73
7 338
-50 271
31 309
45 216
186 330
31 206
8 160
168 12
68 227
-25 281
165 48
171 173
101 208
48 287
6 90
82 68
-4 0
-47 257
18 192
171 14
110 24
25 248
76 302
-87 134
100 141
165 42
140 301
17 90
106 217
25 196
135 3
-31 1
115 297
32 69
8 66
-88 80
39 144
117 270
-92 34
30 202
-93 266
96 343
169 305
78 146
-55 42
30 140
91 128
-5 48
0 267
187 109
170 32
61 185
176 93
-54 238
197 53
139 21
-71 1 76
81 140
11 171
64 347
159 160
109 252
3 100
135 93
68 123
164 174
50 344
95 64
-97 275
30 211
3 238
152 350
152 83
112 231
-4 291
14 323
6 239
47 70
143 227
-31 156
85 96
6 170
160 334
193 104
115 144
166 61
-11 266
-96 128
37 151
184 97
-43 85
-63 54
-14 271
-14 154
83 124
64 296
-77 287
74 84
113 119
-72 327
118 116
-95 36
178 247
-41 327
-96 98
158 29
-32 32
106 57
108 40
113 330
-96 274
34 51
88 17
-32 146
45 122
-90 294
158 176
-91 80
133 257
-40 167
34 330
-71 234
6 204
199 26
-43 318
-9 9
-57 256
-22 133
151 75
186 115
85 275
180 153
-26 195
-68 69
24 185
-44 16
-68 182
29 318
-48 2
-59 246
192 121
-70 285
119 235
120 296
78 90
51 265
170 33
-32 14
188 214
66 168
60 293
45 44
84 250
194 83
29 151
126 153
-47 308
58 32
-99 260
71 302
-62 325
113 92
50 306
79 102
36 40
-76 315
128 70
-70 295
84 101
162 101
-85 99
-29 3
-2 317
101 155
143 180
124 240
51 197
107 16
88 121
169 259
-59 103
-17 241
136 197
-48 184
-26 174
41 232
-76 153
-55 344
15 113
9 109
5 149
35 299
81 160
161 297
137 326
-25 329
175 293
-71 268
5 238
28 83
2 151
87 102
-92 342
194 265
139 130
-51 36
183 237
-91 184
32 343
-77 76
139 40
42 285
86 0
146 22
182 302
-87 172
-43 186
-94 166
-36 223
63 250
2 347
162 57
110 212
-75 196
142 231
-44 143
-56 110
3 203
60 318
193 134
93 165
-72 225
-61 327
30 75
-69 230
186 311
37 331
-13 198
-82 334
7 305
80 35
-81 185
-25 332
-58 309
42 58
-85 271
-11 188
-17 227
133 236
-55 13
91 329
156 237
-100 268
97 257
-71 69
4 161
195 152
72 153
196 32
94 83
-97 31
16 197
-66 272
66 15
113 207
187 0
4 348
182 45
-75 233
177 295
193 233
-35 315
190 239
-33 342
-38 196
185 217
147 82
13 157
164 342
197 205
-9 319
82 313
-50 10
126 202
123 53
121 178
195 211
58 347
-13 225
198 241
163 213
107 318
-57 342
89 157
146 151
-96 129
97 326
158 302
9 157
-91 67
-100 217
-35 280
90 256
162 107
75 65
194 155
-94 166
17 177
-94 319
-93 71
78 94
-9 105
39 197
-55 102
-30 163
186 339
17 289
117 134
-93 63
-93 206
-45 60
-25 178
-55 237
21 85
140 269
3 340
125 258
190 37
-14 175
10 76
74 0
102 119
-30 127
21 213
125 273
104 165
178 199
143 29
45 232
200 64
58 58
-15 203
193 34
196 175
142 12
-35 143
167 290
-57 8
148 56
123 236
85 22
47 224
191 350
187 31
108 37
27 276
108 305
181 284
-20 121
130 47
31 335
-42 28
128 341
-46 116
109 332
128 131
55 195
148 90
-81 213
11 178
70 16
-43 200
49 315
184 189
-27 3
33 299
15 290
105 64
-45 110
137 299
-68 216
68 87
77 20
101 92
-94 175
154 0
113 37
76 312
-70 204
152 1
26 326
133 72
27 76
-74 91
-89 4
-15 27
92 201
193 242
144 14
-40 235
163 7
99 205
161 94
102 16
199 5
178 31
19 106
-32 190
-68 214
131 211
186 170
160 63
193 185
-98 167
158 286
103 125
65 160
93 238
79 297
56 41
-64 287
-83 322
148 350
54 27
45 179
150 281
-22 134
40 319
78 23
-17 247
-30 311
110 274
-28 6
-88 298
101 311
170 159
116 175
72 131
89 36
-77 53
75 201
-3 200
141 164
-39 222
97 230
21 210
-17 10
1 86
-26 199
-9 103
-13 205
107 50
-45 113
113 79
109 191
-18 14
-58 170
43 289
-10 231
8 48
25 19
-93 318
-53 251
-71 339
191 312
140 254
142 272
169 135
-28 324
130 195
-49 188
136 75
-79 214
173 116
119 169
181 23
-31 56
121 37
117 322
117 305
128 62
36 325
31 336
25 189
-51 138
131 261
68 265
24 258
35 339
-45 159
-56 110
109 241
-82 7