A0:
   Pirson:  0.997358349639
   Rangs:   [4, 4, 3, 5, 3, 3, 5, 3, 3, 3, 4, 3]
            [3, 3, 3, 4, 3, 3, 5, 2, 3, 3, 3, 3]
   RPirson: 0.0121527777778
   RSpirman:0.982517482517

A1:
   Pirson:  0.999972715569
   Rangs:   [7, 5, 6, 7, 6, 8, 7, 7, 3, 8, 8, 4]
            [6, 5, 5, 6, 6, 7, 7, 6, 3, 7, 7, 4]
   RPirson: 0.0078373015873
   RSpirman:0.975524475524

B0:
   Pirson:  0.999771203469
   Rangs:   [7, 6, 8, 10, 4, 5, 7, 5, 5, 8, 6, 7]
            [6, 5, 7, 9, 4, 4, 7, 5, 4, 7, 6, 6]
   RPirson: 0.00993165784832
   RSpirman:0.972027972028

B1:
   Pirson:  0.998524904298
   Rangs:   [5, 9, 8, 5, 9, 9, 4, 5, 6, 6, 5, 6]
            [4, 8, 7, 4, 8, 8, 4, 5, 5, 5, 5, 6]
   RPirson: 0.00984623015873
   RSpirman:0.972027972028

C0:
   Pirson:  0.999084724301
   Rangs:   [4, 6, 8, 5, 6, 5, 7, 4, 7, 6, 4, 8]
            [4, 6, 7, 5, 6, 5, 6, 4, 7, 5, 4, 7]
   RPirson: 0.00453042328042
   RSpirman:0.986013986014

C1:
   Pirson:  0.999442051957
   Rangs:   [1, 4, 8, 8, 4, 9, 9, 5, 9, 4, 8, 8]
            [1, 4, 7, 7, 4, 8, 8, 5, 8, 4, 7, 7]
   RPirson: 0.00657242063492
   RSpirman:0.975524475524