70 30
120 60
100 10
90 100
130 90
150 60
40 70
100 80
70 60
80 120
90 40
130 120
60 100
40 50
100 50
78 37
145 62
108 56
98 112
141 97
140 69
49 77
110 87
79 58
89 134
98 58
140 15
130 25
50 20
70 125
60 115
50 120
100 200
-10 40
24 84
-30 150
-40 70
-35 90
-20 17
0 79
0 150
10 190
148 70
-50 52
-43 78
-49 20
-38 37
89 103
100 150
84 170
95 136
110 184
76 110
64 137
58 190
149 195
150 120
-50 100
45 50
0 70
10 110
17 177
-20 115
131 94
46 63
3 196
82 34
19 180
51 85
150 81
95 105
137 41
195 147
58 26
41 116
-9 130
34 189
157 112
197 118
-33 33
35 98
33 198
-30 160
46 43
32 171
106 64
200 45
54 20
-32 61
195 127
73 114
13 146
187 184
152 79
186 39
161 76
53 130
18 106
14 94
16 35